0 -1 1 -1.1666667 
0.2 -1.2277386 0.98067806 -1.0915426 
0.4 -1.429663 0.9581595 -0.91377585 
0.6 -1.5897296 0.93303663 -0.68355666 
0.8 -1.7036864 0.90605812 -0.46140097 
1 -1.77733 0.87794411 -0.28380382 
1.2 -1.8207034 0.84927185 -0.15812167 
1.4 -1.8434661 0.82045034 -0.075658044 
1.6 -1.8530083 0.79174696 -0.02390082 
1.8 -1.8543561 0.76332751 0.0078018501 
2 -1.8507162 0.73529112 0.026986389 
2.2 -1.8440663 0.70769517 0.038537213 
2.4 -1.8356057 0.68057156 0.045482276 
2.6 -1.8260565 0.65393683 0.049657627 
2.8 -1.8158529 0.62779831 0.052165773 
3 -1.8052567 0.60215785 0.053666961 
3.2 -1.7944265 0.57701398 0.054557154 
3.4 -1.7834585 0.55236327 0.055074738 
3.6 -1.7724117 0.52820114 0.055364 
3.8 -1.7613222 0.50452231 0.055512816 
4 -1.7502123 0.48132113 0.055575076 
4.2 -1.7390957 0.45859172 0.055584067 
4.4 -1.7279808 0.43632812 0.055560508 
4.6 -1.7168727 0.41452433 0.055517402 
4.8 -1.7057746 0.39317438 0.055462982 
5 -1.694688 0.37227231 0.055402511 
5.2 -1.6836137 0.35181224 0.055339396 
5.4 -1.6725522 0.33178835 0.05527587 
5.6 -1.6615033 0.31219488 0.055213428 
5.8 -1.6504667 0.29302618 0.055153089 
6 -1.6394419 0.27427663 0.055095573 
6.2 -1.6284283 0.25594073 0.055041406 
6.4 -1.6174251 0.23801304 0.054990992 
6.6 -1.6064316 0.22048822 0.054944658 
6.8 -1.5954469 0.20336099 0.054902684 
7 -1.5844702 0.18662616 0.05486532 
7.2 -1.5735005 0.17027863 0.054832805 
7.4 -1.5625367 0.15431335 0.054805368 
7.6 -1.551578 0.13872539 0.054783242 
7.8 -1.5406231 0.12350988 0.054766666 
8 -1.5296709 0.10866202 0.054755885 
8.2 -1.5187203 0.094177103 0.054751157 
8.4 -1.50777 0.080050502 0.054752757 
8.6 -1.4968188 0.066277664 0.054760973 
8.8 -1.4858652 0.052854116 0.054776112 
9 -1.4749078 0.039775462 0.054798503 
9.2 -1.4639453 0.027037387 0.054828498 
9.4 -1.4529759 0.014635657 0.054866472 
9.6 -1.4419981 0.0025661129 0.054912828 
9.8 -1.4310102 -0.0091753216 0.054968001 
10 -1.4200103 -0.020592644 0.055032455 
10.2 -1.4089966 -0.031689772 0.055106693 
10.4 -1.3979669 -0.042470541 0.055191256 
10.6 -1.3869193 -0.052938706 0.05528673 
10.8 -1.3758515 -0.063097939 0.055393745 
11 -1.364761 -0.072951829 0.055512986 
11.2 -1.3536454 -0.082503879 0.055645195 
11.4 -1.342502 -0.091757508 0.055791177 
11.6 -1.331328 -0.10071605 0.055951806 
11.8 -1.3201203 -0.10938274 0.056128037 
12 -1.3088757 -0.11776073 0.056320908 
12.2 -1.2975907 -0.12585309 0.056531553 
12.4 -1.2862618 -0.13366277 0.056761213 
12.6 -1.2748849 -0.14119264 0.057011248 
12.8 -1.2634558 -0.14844546 0.057283148 
13 -1.25197 -0.15542389 0.057578555 
13.2 -1.2404227 -0.16213048 0.057899273 
13.4 -1.2288085 -0.16856767 0.058247297 
13.6 -1.2171218 -0.17473777 0.058624828 
13.8 -1.2053565 -0.18064299 0.059034307 
14 -1.1935058 -0.18628538 0.059478444 
14.2 -1.1815626 -0.19166689 0.059960251 
14.4 -1.1695189 -0.19678928 0.060483091 
14.6 -1.1573663 -0.2016542 0.061050718 
14.8 -1.1450954 -0.20626312 0.06166734 
15 -1.1326958 -0.21061732 0.062337681 
15.2 -1.1201564 -0.21471792 0.063067063 
15.4 -1.1074647 -0.21856581 0.063861492 
15.6 -1.094607 -0.22216169 0.06472777 
15.8 -1.0815683 -0.22550601 0.065673621 
16 -1.0683317 -0.22859894 0.066707842 
16.2 -1.0548786 -0.2314404 0.067840486 
16.4 -1.0411881 -0.23402999 0.069083078 
16.6 -1.0272371 -0.23636695 0.070448875 
16.8 -1.0129994 -0.23845014 0.071953187 
17 -0.99844544 -0.24027801 0.073613754 
17.2 -0.98354208 -0.24184851 0.075451221 
17.4 -0.96825156 -0.24315908 0.077489705 
17.6 -0.95253092 -0.24420652 0.07975751 
17.8 -0.93633105 -0.24498696 0.082287998 
18 -0.91959559 -0.24549575 0.085120684 
18.2 -0.90225952 -0.24572731 0.088302602 
18.4 -0.88424754 -0.24567504 0.091890033 
18.6 -0.86547199 -0.24533113 0.095950692 
18.8 -0.84583029 -0.24468634 0.10056652 
19 -0.82520177 -0.2437298 0.10583726 
19.2 -0.80344364 -0.24244867 0.11188513 
19.4 -0.78038594 -0.24082783 0.11886081 
19.6 -0.75582509 -0.23884935 0.12695139 
19.8 -0.7295156 -0.23649199 0.13639076 
20 -0.70115941 -0.23373047 0.14747345 
20.2 -0.67039199 -0.2305346 0.16057301 
20.4 -0.63676424 -0.2268681 0.17616652 
20.6 -0.59971863 -0.22268722 0.19486735 
20.8 -0.5585578 -0.21793881 0.21746857 
21 -0.51240322 -0.21255794 0.24499975 
21.2 -0.4601409 -0.20646474 0.278799 
21.4 -0.40035134 -0.19956033 0.32059859 
21.6 -0.33122174 -0.1917215 0.3726123 
21.8 -0.25044346 -0.18279398 0.43758661 
22 -0.15511018 -0.17258412 0.51871788 
22.2 -0.041663204 -0.16084935 0.61921025 
22.4 0.094003188 -0.1472889 0.7410152 
22.6 0.25604054 -0.13153914 0.88198462 
22.8 0.44734885 -0.11318257 1.0306901 
23 0.66706029 -0.091786694 1.1599065 
23.2 0.90706435 -0.066991409 1.2252886 
23.4 1.1498341 -0.038644834 1.18174 
23.6 1.3716363 -0.0069342354 1.018378 
23.8 1.552007 0.027589682 0.7782976 
24 1.6825096 0.064146679 0.53072521 
24.2 1.7672113 0.1019372 0.32558601 
24.4 1.8166274 0.14029726 0.17795812 
24.6 1.8417552 0.17874824 0.080557543 
24.8 1.8512631 0.21697564 0.01941997 
25 1.8510968 0.25478467 -0.017985528 
25.2 1.8450449 0.2920594 -0.040642713 
25.4 1.83543 0.32873311 -0.05437074 
25.6 1.8236497 0.36476887 -0.062755372 
25.8 1.8105384 0.40014758 -0.067953898 
26 1.7965937 0.43486075 -0.071251596 
26.2 1.7821129 0.46890616 -0.073412948 
26.4 1.7672735 0.50228531 -0.074894124 
26.6 1.752182 0.5350019 -0.075969044 
26.8 1.7369018 0.56706089 -0.076803615 
27 1.7214698 0.59846797 -0.077499417 
27.2 1.705907 0.6292292 -0.078119488 
27.4 1.6902243 0.65935082 -0.078703629 
27.6 1.6744262 0.68883909 -0.07927755 
27.8 1.6585128 0.71770024 -0.079858389 
28 1.6424816 0.74594039 -0.080458062 
28.2 1.6263278 0.77356554 -0.08108533 
28.4 1.6100452 0.80058152 -0.081747081 
28.6 1.5936263 0.82699395 -0.082449149 
28.8 1.5770625 0.85280829 -0.08319684 
29 1.5603441 0.87802976 -0.083995292 
29.2 1.5434606 0.90266337 -0.084849724 
29.4 1.5264001 0.92671387 -0.085765627 
29.6 1.5091499 0.95018575 -0.086748918 
29.8 1.4916957 0.97308327 -0.087806084 
30 1.474022 0.99541035 -0.088944318 
30.2 1.456112 1.0171706 -0.090171665 
30.4 1.4379468 1.0383674 -0.091497178 
30.6 1.4195059 1.0590036 -0.092931105 
30.8 1.4007664 1.0790819 -0.094485099 
31 1.381703 1.0986043 -0.096172473 
31.2 1.3622875 1.1175726 -0.098008499 
31.4 1.3424885 1.135988 -0.10001077 
31.6 1.3222707 1.1538511 -0.10219967 
31.8 1.3015946 1.171162 -0.10459887 
32 1.2804153 1.18792 -0.10723606 
32.2 1.2586822 1.2041239 -0.11014373 
32.4 1.2363373 1.2197714 -0.11336026 
32.6 1.2133144 1.2348593 -0.1169312 
32.8 1.1895376 1.2493834 -0.12091094 
33 1.1649185 1.2633382 -0.12536485 
33.2 1.1393548 1.2767168 -0.13037196 
33.4 1.1127265 1.2895105 -0.13602854 
33.6 1.0848923 1.3017087 -0.14245265 
33.8 1.0556846 1.3132986 -0.14979022 
34 1.0249032 1.3242644 -0.15822308 
34.2 0.99230723 1.3345874 -0.16797973 
34.4 0.95760397 1.3442444 -0.17934979 
34.6 0.92043528 1.3532079 -0.19270384 
34.8 0.88035859 1.3614439 -0.20852041 
35 0.83682179 1.3689112 -0.22742336 
35.2 0.78912935 1.3755594 -0.2502336 
35.4 0.73639604 1.381326 -0.27804066 
35.6 0.67748397 1.3861333 -0.3123009 
35.8 0.61091659 1.3898842 -0.35496951 
36 0.53476272 1.3924556 -0.40866848 
36.2 0.44648428 1.3936909 -0.47687524 
36.4 0.34274946 1.3933889 -0.56406121 
36.6 0.21923897 1.3912905 -0.67556417 
36.8 0.070546929 1.3870625 -0.81663258 
37 -0.10954808 1.3802826 -0.98939244 
37.2 -0.32682549 1.3704359 -1.1856248 
37.4 -0.58336473 1.3569455 -1.3741344 
37.6 -0.87169999 1.3392758 -1.4901855 
37.8 -1.1691485 1.3171336 -1.4535759 
38 -1.440712 1.2907016 -1.2346084 
38.2 -1.6554307 1.2607114 -0.90393323 
38.4 -1.8027344 1.2282275 -0.57808906 
38.6 -1.8919291 1.1942985 -0.32890666 
38.8 -1.9400897 1.1597328 -0.1656902 
39 -1.9625683 1.125063 -0.067906561 
39.2 -1.9700318 1.0906074 -0.012058228 
39.4 -1.9690227 1.0565454 0.019098716 
39.6 -1.9633123 1.0229738 0.036305248 
39.8 -1.9550106 0.98994264 0.045773472 
40 -1.945284 0.95747604 0.050975576 
40.2 -1.9347753 0.92558384 0.053824865 
40.4 -1.9238398 0.89426807 0.055371581 
40.6 -1.9126745 0.86352646 0.056193195 
40.8 -1.9013893 0.83335441 0.056608719 
41 -1.8900461 0.80374603 0.056795506 
41.2 -1.8786797 0.77469478 0.056852872 
41.4 -1.8673098 0.74619377 0.056836867 
41.6 -1.8559476 0.71823595 0.056779386 
41.8 -1.8445995 0.69081424 0.056698729 
42 -1.833269 0.66392157 0.056605494 
42.2 -1.8219578 0.63755091 0.056505875 
42.4 -1.8106668 0.61169531 0.056403534 
42.6 -1.7993964 0.58634789 0.056300664 
42.8 -1.7881465 0.56150187 0.056198598 
43 -1.7769168 0.53715054 0.056098168 
43.2 -1.7657071 0.51328729 0.055999905 
43.4 -1.7545167 0.4899056 0.055904164 
43.6 -1.7433452 0.46699904 0.055811196 
43.8 -1.732192 0.44456128 0.05572119 
44 -1.7210565 0.42258606 0.055634298 
44.2 -1.7099381 0.40106723 0.055550653 
44.4 -1.698836 0.37999871 0.055470376 
44.6 -1.6877497 0.35937453 0.055393585 
44.8 -1.6766784 0.33918878 0.055320396 
45 -1.6656213 0.31943567 0.055250929 
45.2 -1.6545777 0.30010946 0.055185307 
45.4 -1.6435469 0.28120451 0.055123659 
45.6 -1.632528 0.26271528 0.055066118 
45.8 -1.6215202 0.2446363 0.055012826 
46 -1.6105226 0.22696217 0.054963934 
46.2 -1.5995343 0.20968759 0.054919601 
46.4 -1.5885544 0.19280734 0.054879993 
46.6 -1.577582 0.17631628 0.05484529 
46.8 -1.566616 0.16020935 0.054815681 
47 -1.5556553 0.14448156 0.054791367 
47.2 -1.544699 0.12912803 0.054772563 
47.4 -1.5337459 0.11414392 0.054759498 
47.6 -1.5227949 0.099524505 0.054752415 
47.8 -1.5118446 0.085265118 0.054751575 
48 -1.5008938 0.071361178 0.054757254 
48.2 -1.4899412 0.057808183 0.05476975 
48.4 -1.4789854 0.044601709 0.054789381 
48.6 -1.468025 0.031737411 0.054816487 
48.8 -1.4570583 0.019211024 0.054851433 
49 -1.4460838 0.007018361 0.054894612 
49.2 -1.4350999 -0.0048446845 0.054946443 
49.4 -1.4241046 -0.01638214 0.055007381 
49.6 -1.4130963 -0.027597953 0.055077914 
49.8 -1.4020728 -0.038495989 0.055158566 
50 -1.3910321 -0.049080033 0.055249906 
50.2 -1.3799721 -0.059353789 0.055352547 
50.4 -1.3688903 -0.069320876 0.055467154 
50.6 -1.3577844 -0.078984829 0.055594446 
50.8 -1.3466516 -0.0883491 0.055735203 
51 -1.3354893 -0.097417052 0.055890275 
51.2 -1.3242945 -0.10619196 0.056060584 
51.4 -1.313064 -0.11467701 0.056247135 
51.6 -1.3017945 -0.12287529 0.056451027 
51.8 -1.2904824 -0.13078981 0.05667346 
52 -1.2791238 -0.13842346 0.056915746 
52.2 -1.2677147 -0.14577905 0.057179328 
52.4 -1.2562505 -0.15285927 0.057465786 
52.6 -1.2447267 -0.15966671 0.057776864 
52.8 -1.233138 -0.16620386 0.058114482 
53 -1.221479 -0.17247308 0.058480762 
53.2 -1.2097437 -0.17847661 0.058878053 
53.4 -1.1979255 -0.18421656 0.059308959 
53.6 -1.1860176 -0.18969492 0.059776377 
53.8 -1.1740123 -0.19491352 0.060283534 
54 -1.1619013 -0.19987406 0.06083403 
54.2 -1.1496756 -0.20457807 0.061431899 
54.4 -1.1373251 -0.20902691 0.062081665 
54.6 -1.1248391 -0.21322175 0.062788416 
54.8 -1.1122056 -0.21716357 0.063557893 
55 -1.0994113 -0.22085316 0.064396588 
55.2 -1.0864418 -0.22429104 0.065311865 
55.4 -1.0732809 -0.2274775 0.066312103 
55.6 -1.0599107 -0.23041256 0.067406863 
55.8 -1.0463112 -0.23309593 0.068607096 
56 -1.03246 -0.235527 0.069925381 
56.2 -1.0183322 -0.23770477 0.071376221 
56.4 -1.0038996 -0.23962784 0.072976404 
56.6 -0.98913037 -0.24129438 0.074745433 
56.8 -0.97398862 -0.242702 0.076706058 
57 -0.9584334 -0.24384776 0.078884932 
57.2 -0.94241802 -0.24472804 0.081313421 
57.4 -0.92588894 -0.24533851 0.084028607 
57.6 -0.90878455 -0.24567393 0.087074545 
57.8 -0.89103359 -0.24572811 0.09050385 
58 -0.87255327 -0.24549371 0.094379689 
58.2 -0.85324689 -0.24496205 0.098778338 
58.4 -0.83300095 -0.24412289 0.10379244 
58.6 -0.81168139 -0.24296417 0.10953523 
58.8 -0.78912906 -0.24147166 0.11614598 
59 -0.76515373 -0.23962854 0.12379717 
59.2 -0.73952662 -0.23741487 0.13270386 
59.4 -0.71197064 -0.23480698 0.14313616 
59.6 -0.68214787 -0.2317766 0.15543571 
59.8 -0.64964313 -0.22828989 0.17003773 
60 -0.61394243 -0.22430606 0.18750044 
60.2 -0.57440469 -0.2197757 0.20854419 
60.4 -0.53022437 -0.21463861 0.23410296 
60.6 -0.48038237 -0.20882089 0.26539069 
60.8 -0.42358216 -0.20223128 0.30398241 
61 -0.35816862 -0.19475632 0.35190355 
61.2 -0.28203013 -0.18625419 0.41170171 
61.4 -0.19249319 -0.17654697 0.4864313 
61.6 -0.086241652 -0.16541143 0.57938358 
61.8 0.040657087 -0.15256939 0.69320407 
62 0.19243608 -0.13768056 0.82774123 
62.2 0.37268331 -0.12034497 0.97577393 
62.4 0.58230982 -0.10012842 1.1166208 
62.6 0.81630339 -0.076630149 1.2116186 
62.8 1.0606406 -0.049603277 1.2125183 
63 1.2930546 -0.019098086 1.0914944 
63.2 1.4905807 0.014462384 0.87217892 
63.4 1.6397359 0.050359708 0.61977168 
63.6 1.7404387 0.0877782 0.39532394 
63.8 1.8016296 0.12599218 0.2263527 
64 1.8346314 0.16445394 0.1117991 
64.2 1.8491188 0.20279269 0.038798937 
64.4 1.8520101 0.24077438 -0.0061928763 
64.6 1.8478121 0.27825782 -0.033508258 
64.8 1.8393199 0.31516074 -0.050040419 
65 1.8282238 0.35143685 -0.06009948 
65.2 1.8155353 0.38706147 -0.066296187 
65.4 1.8018575 0.4220228 -0.07018978 
65.6 1.7875503 0.45631665 -0.07270762 
65.8 1.7728288 0.48994336 -0.074402166 
66 1.757822 0.52290594 -0.075604286 
66.2 1.7426065 0.55520897 -0.076513684 
66.4 1.7272278 0.58685792 -0.077252112 
66.6 1.711712 0.61785874 -0.077894718 
66.8 1.6960731 0.6482176 -0.07848862 
67 1.6803177 0.6779408 -0.079063974 
67.2 1.6644474 0.70703456 -0.079640623 
67.4 1.6484605 0.73550507 -0.080232131 
67.6 1.6323529 0.76335836 -0.080848249 
67.8 1.616119 0.79060032 -0.081496446 
68 1.5997518 0.81723667 -0.082182874 
68.2 1.583243 0.84327292 -0.082912986 
68.4 1.5665833 0.86871439 -0.083691951 
68.6 1.5497626 0.89356616 -0.084524931 
68.8 1.5327694 0.91783308 -0.085417296 
69 1.5155913 0.94151974 -0.086374789 
69.2 1.4982147 0.96463049 -0.087403669 
69.4 1.4806246 0.98716937 -0.088510849 
69.6 1.4628046 1.0091401 -0.089704039 
69.8 1.4447367 1.0305462 -0.090991897 
70 1.4264009 1.0513907 -0.092384204 
70.2 1.4077753 1.0716763 -0.093892064 
70.4 1.3888356 1.0914053 -0.095528139 
70.6 1.3695546 1.1105796 -0.097306932 
70.8 1.3499022 1.1292006 -0.099245129 
71 1.3298446 1.1472691 -0.10136201 
71.2 1.309344 1.1647855 -0.10367996 
71.4 1.2883575 1.1817494 -0.10622508 
71.6 1.2668368 1.1981597 -0.10902797 
71.8 1.2447267 1.2140145 -0.11212467 
72 1.2219645 1.2293111 -0.1155579 
72.2 1.1984778 1.2440455 -0.11937854 
72.4 1.1741832 1.2582129 -0.12364759 
72.6 1.148984 1.2718068 -0.12843863 
72.8 1.122767 1.2848192 -0.13384105 
73 1.0953995 1.2972403 -0.13996417 
73.2 1.0667244 1.3090582 -0.14694274 
73.4 1.0365544 1.3202583 -0.15494414 
73.6 1.0046647 1.3308229 -0.16417804 
73.8 0.97078348 1.3407307 -0.17490933 
74 0.93457884 1.3499558 -0.18747574 
74.2 0.89564215 1.3584668 -0.2023119 
74.4 0.8534655 1.3662256 -0.21998244 
74.6 0.80741138 1.3731851 -0.24122778 
74.8 0.75667148 1.3792879 -0.2670276 
75 0.70021059 1.3844623 -0.29868831 
75.2 0.63668997 1.3886192 -0.33796173 
75.4 0.56436332 1.3916457 -0.3872001 
75.6 0.48093858 1.393399 -0.4495411 
75.8 0.38340266 1.3936959 -0.52907962 
76 0.26782389 1.3923005 -0.6308802 
76.2 0.12919784 1.3889091 -0.76043012 
76.4 -0.038469148 1.3831341 -0.92158423 
76.6 -0.24136984 1.3744938 -1.1111763 
76.8 -0.48351153 1.3624273 -1.3082598 
77 -0.76177959 1.3463652 -1.4607892 
77.2 -1.0594981 1.3258955 -1.488952 
77.4 -1.3449865 1.3010017 -1.3349665 
77.6 -1.5833749 1.2722213 -1.0323824 
77.8 -1.7555176 1.240535 -0.69264328 
78 -1.8644753 1.207034 -0.41103727 
78.2 -1.9258952 1.172629 -0.21742946 
78.4 -1.9564255 1.137951 -0.098238007 
78.6 -1.96852 1.1033888 -0.029190504 
78.8 -1.9701032 1.0691657 0.0095892378 
79 -1.9658262 1.0354038 0.031063713 
79.2 -1.9583135 1.0021677 0.042890981 
79.4 -1.9490206 0.96948929 0.049392861 
79.6 -1.9387498 0.93738282 0.052959701 
79.8 -1.9279436 0.90585266 0.054904381 
80 -1.9168474 0.87489787 0.055948001 
80.2 -1.9055976 0.84451453 0.056488124 
80.4 -1.8942708 0.81469716 0.056745224 
80.6 -1.8829101 0.78543941 0.05684242 
80.8 -1.8715398 0.75673448 0.056848994 
81 -1.8601738 0.72857538 0.056804245 
81.2 -1.84882 0.70095503 0.056730654 
81.4 -1.8374826 0.67386633 0.056641192 
81.6 -1.8261641 0.64730226 0.056543414 
81.8 -1.8148655 0.62125583 0.056441768 
82 -1.8035874 0.59572013 0.056338903 
82.2 -1.7923299 0.57068834 0.05623642 
82.4 -1.7810928 0.54615372 0.056135306 
82.6 -1.7698757 0.52210963 0.056036187 
82.8 -1.7586781 0.49854952 0.055939474 
83 -1.7474997 0.47546693 0.05584545 
83.2 -1.7363398 0.45285547 0.055754323 
83.4 -1.7251978 0.43070888 0.055666256 
83.6 -1.714073 0.40902095 0.055581388 
83.8 -1.702965 0.38778558 0.055499844 
84 -1.6918729 0.36699677 0.055421742 
84.2 -1.680796 0.34664857 0.0553472 
84.4 -1.6697338 0.32673516 0.055276334 
84.6 -1.6586853 0.30725077 0.055209267 
84.8 -1.6476498 0.28818973 0.055146124 
85 -1.6366265 0.26954647 0.055087039 
85.2 -1.6256147 0.25131547 0.055032149 
85.4 -1.6146134 0.23349133 0.054981602 
85.6 -1.6036217 0.2160687 0.054935553 
85.8 -1.5926389 0.19904234 0.054894167 
86 -1.5816638 0.18240707 0.054857617 
86.2 -1.5706955 0.16615779 0.05482609 
86.4 -1.559733 0.15028952 0.054799782 
86.6 -1.5487752 0.1347973 0.054778902 
86.8 -1.537821 0.1196763 0.054763674 
87 -1.5268693 0.10492174 0.054754336 
87.2 -1.5159189 0.09052893 0.054751141 
87.4 -1.5049684 0.076493267 0.054754361 
87.6 -1.4940167 0.062810214 0.054764284 
87.8 -1.4830623 0.04947532 0.054781222 
88 -1.4721037 0.036484209 0.054805506 
88.2 -1.4611395 0.023832587 0.05483749 
88.4 -1.4501682 0.011516237 0.054877558 
88.6 -1.439188 -0.00046897652 0.054926119 
88.8 -1.4281971 -0.012127111 0.054983614 
89 -1.4171939 -0.023462143 0.055050517 
89.2 -1.4061763 -0.03447797 0.05512734 
89.4 -1.3951423 -0.045178406 0.055214634 
89.6 -1.3840897 -0.055567186 0.055312995 
89.8 -1.3730163 -0.065647959 0.055423069 
90 -1.3619196 -0.075424294 0.055545553 
90.2 -1.3507972 -0.084899672 0.055681206 
90.4 -1.3396462 -0.094077489 0.055830848 
90.6 -1.3284638 -0.10296105 0.055995374 
90.8 -1.317247 -0.11155359 0.056175759 
91 -1.3059924 -0.11985821 0.056373065 
91.2 -1.2946966 -0.12787797 0.056588452 
91.4 -1.2833557 -0.13561579 0.05682319 
91.6 -1.2719659 -0.14307452 0.057078671 
91.8 -1.2605228 -0.15025689 0.057356423 
92 -1.2490217 -0.15716553 0.057658126 
92.2 -1.2374578 -0.16380297 0.057985632 
92.4 -1.2258256 -0.17017161 0.058340986 
92.6 -1.2141194 -0.17627374 0.058726449 
92.8 -1.2023329 -0.18211152 0.059144525 
93 -1.1904592 -0.18768699 0.059598 
93.2 -1.1784911 -0.19300204 0.060089971 
93.4 -1.1664205 -0.19805841 0.060623895 
93.6 -1.1542385 -0.2028577 0.061203637 
93.8 -1.1419357 -0.20740133 0.061833531 
94 -1.1295014 -0.21169055 0.062518445 
94.2 -1.1169243 -0.21572642 0.063263868 
94.4 -1.1041914 -0.21950978 0.064075997 
94.6 -1.0912889 -0.22304126 0.064961859 
94.8 -1.0782012 -0.22632125 0.065929435 
95 -1.0649111 -0.22934987 0.066987826 
95.2 -1.0513994 -0.23212695 0.068147438 
95.4 -1.0376446 -0.23465198 0.069420214 
95.6 -1.0236228 -0.23692414 0.070819903 
95.8 -1.0093071 -0.23894217 0.072362397 
96 -0.99466713 -0.24070441 0.074066131 
96.2 -0.9796685 -0.24220868 0.075952578 
96.4 -0.96427225 -0.24345225 0.078046854 
96.6 -0.94843395 -0.24443178 0.080378466 
96.8 -0.93210274 -0.2451432 0.082982235 
97 -0.91522018 -0.24558163 0.085899458 
97.2 -0.8977188 -0.24574125 0.089179355 
97.4 -0.87952035 -0.24561516 0.092880902 
97.6 -0.86053362 -0.2451952 0.097075159 
97.8 -0.84065174 -0.24447176 0.10184824 
98 -0.81974879 -0.24343348 0.10730516 
98.2 -0.79767556 -0.24206699 0.11357477 
98.4 -0.77425418 -0.24035647 0.12081622 
98.6 -0.7492712 -0.23828322 0.12922747 
98.8 -0.72246881 -0.23582505 0.13905646 
99 -0.69353343 -0.23295549 0.15061596 
99.2 -0.66208081 -0.22964293 0.16430338 
99.4 -0.62763664 -0.22584934 0.18062719 
99.6 -0.58961096 -0.22152874 0.20024211 
99.8 -0.54726444 -0.21662523 0.22399572 
100 -0.49966408 -0.21107039 0.25298906 
100.2 -0.44562508 -0.20477993 0.28865252 
100.4 -0.38363635 -0.19764929 0.33283373 
100.6 -0.31176841 -0.18954801 0.38788085 
100.8 -0.22756868 -0.18031262 0.45667235 
101 -0.12796544 -0.16973788 0.54247092 
101.2 -0.0092395876 -0.15756713 0.64832781 
101.4 0.13279755 -0.14348364 0.77550056 
101.6 0.30214352 -0.12710827 0.92005749 
101.8 0.50102713 -0.10801434 1.0671175 
102 0.72706683 -0.08577735 1.1847287 
102.2 0.96980842 -0.060076247 1.2258406 
102.4 1.2095388 -0.030835844 1.1505293 
102.6 1.4223119 0.00165954 0.96155368 
102.8 1.5901626 0.036782281 0.71307627 
103 1.7081769 0.073727438 0.47303776 
103.2 1.7827497 0.11171961 0.28238722 
103.4 1.8249735 0.15014125 0.1487902 
103.6 1.8453934 0.1885594 0.06201916 
103.8 1.8519587 0.22669454 0.008011681 
104 1.8499956 0.26437552 -0.024906532 
104.2 1.8428558 0.30150138 -0.044830503 
104.4 1.8325813 0.33801451 -0.056919033 
104.6 1.8203975 0.37388346 -0.064325706 
104.8 1.8070355 0.4090924 -0.068941102 
105 1.7929312 0.44363475 -0.071890439 
105.2 1.7783452 0.47750945 -0.073843294 
105.4 1.7634333 0.51071867 -0.075199751 
105.6 1.7482888 0.5432665 -0.076200532 
105.8 1.7329669 0.57515814 -0.076991811 
106 1.7174999 0.6063994 -0.077663369 
106.2 1.7019058 0.63699639 -0.078271143 
106.4 1.6861933 0.66695537 -0.078850638 
106.6 1.6703658 0.6962826 -0.079424952 
106.8 1.6544227 0.72498429 -0.080009629 
107 1.6383606 0.75306654 -0.080615621 
107.2 1.6221744 0.78053528 -0.081251109 
107.4 1.6058577 0.80739631 -0.081922649 
107.6 1.5894026 0.83365522 -0.082635896 
107.8 1.5728002 0.85931738 -0.083396085 
108 1.5560407 0.88438798 -0.084208355 
108.2 1.5391131 0.90887196 -0.085077977 
108.4 1.5220053 0.932774 -0.086010537 
108.6 1.5047042 0.95609855 -0.087012086 
108.8 1.4871954 0.97884975 -0.088089277 
109 1.469463 1.0010315 -0.089249507 
109.2 1.4514895 1.0226473 -0.090501063 
109.4 1.4332559 1.0437004 -0.091853286 
109.6 1.4147408 1.0641936 -0.093316761 
109.8 1.3959209 1.0841295 -0.094903541 
110 1.3767703 1.10351 -0.096627408 
110.2 1.3572598 1.1223367 -0.098504191 
110.4 1.3373572 1.1406108 -0.10055215 
110.6 1.3170261 1.1583326 -0.10279245 
110.8 1.2962257 1.1755021 -0.10524973 
111 1.2749098 1.1921186 -0.10795281 
111.2 1.253026 1.2081804 -0.11093559 
111.4 1.2305143 1.223685 -0.11423814 
111.6 1.2073063 1.2386292 -0.11790809 
111.8 1.1833228 1.2530082 -0.12200244 
112 1.1584724 1.2668163 -0.12658974 
112.2 1.1326485 1.2800461 -0.13175308 
112.4 1.1057261 1.2926885 -0.13759379 
112.6 1.0775576 1.3047324 -0.14423644 
112.8 1.0479679 1.3161642 -0.15183529 
113 1.016747 1.3269676 -0.16058294 
113.2 0.98364208 1.3371225 -0.17072196 
113.4 0.94834514 1.346605 -0.18256059 
113.6 0.91047845 1.3553858 -0.19649407 
113.8 0.86957409 1.3634294 -0.21303407 
114 0.82504694 1.3706924 -0.23284927 
114.2 0.77615789 1.3771215 -0.25682155 
114.4 0.72196387 1.3826507 -0.2861237 
114.6 0.6612496 1.3871979 -0.32232569 
114.8 0.59243462 1.3906599 -0.36753598 
115 0.51344848 1.392906 -0.42457756 
115.2 0.42156891 1.3937692 -0.49717406 
115.4 0.31322877 1.3930349 -0.59005001 
115.6 0.18383226 1.3904267 -0.70866526 
115.8 0.027713849 1.3855897 -0.85788299 
116 -0.16141432 1.3780777 -1.0380901 
116.2 -0.38879968 1.3673545 -1.2365632 
116.4 -0.65472149 1.3528404 -1.4140109 
116.6 -0.94820017 1.3340391 -1.4980688 
116.8 -1.2425631 1.3107591 -1.4138317 
117 -1.5019017 1.2833279 -1.1559454 
117.2 -1.6994284 1.2525933 -0.8160063 
117.4 -1.8304409 1.2196472 -0.50578232 
117.6 -1.9074722 1.1854899 -0.27954795 
117.8 -1.947777 1.1508567 -0.1354521 
118 -1.9655854 1.1162182 -0.050440245 
118.2 -1.9703919 1.0818503 -0.0022633361 
118.4 -1.9679033 1.0479069 0.024518907 
118.6 -1.9613763 1.0144701 0.039289715 
118.8 -1.9526253 0.98158182 0.047414066 
119 -1.9426519 0.94926163 0.05187558 
119.2 -1.9320083 0.91751693 0.054315506 
119.4 -1.9209996 0.8863484 0.055634782 
119.6 -1.9097955 0.85575301 0.056329272 
119.8 -1.898491 0.82572577 0.056673317 
120 -1.8871392 0.79626057 0.056819708 
120.2 -1.8757705 0.76735076 0.056854176 
120.4 -1.8644017 0.7389894 0.056825202 
120.6 -1.8530427 0.71116941 0.056760433 
120.8 -1.8416989 0.68388373 0.056675768 
121 -1.8303731 0.65712528 0.056580435 
121.2 -1.8190671 0.63088706 0.056479844 
121.4 -1.8077813 0.60516213 0.056377201 
121.6 -1.7965162 0.57994363 0.056274434 
121.8 -1.7852715 0.55522481 0.056172723 
122 -1.774047 0.53099898 0.056072805 
122.2 -1.7628422 0.50725955 0.055975158 
122.4 -1.7516567 0.48400003 0.055880106 
122.6 -1.74049 0.46121402 0.05578788 
122.8 -1.7293414 0.43889519 0.055698657 
123 -1.7182103 0.41703732 0.055612584 
123.2 -1.7070961 0.39563427 0.055529789 
123.4 -1.6959982 0.37468 0.055450393 
123.6 -1.6849157 0.35416855 0.055374512 
123.8 -1.6738481 0.33409404 0.055302264 
124 -1.6627946 0.31445069 0.055233769 
124.2 -1.6517543 0.29523279 0.055169151 
124.4 -1.6407266 0.27643473 0.05510854 
124.6 -1.6297107 0.25805098 0.055052073 
124.8 -1.6187055 0.24007608 0.054999892 
125 -1.6077104 0.22250468 0.054952151 
125.2 -1.5967244 0.20533148 0.05490901 
125.4 -1.5857465 0.18855129 0.05487064 
125.6 -1.5747758 0.17215899 0.054837222 
125.8 -1.5638112 0.15614953 0.054808948 
126 -1.5528518 0.14051796 0.054786023 
126.2 -1.5418965 0.1252594 0.054768665 
126.4 -1.530944 0.11036905 0.054757107 
126.6 -1.5199932 0.095842184 0.054751595 
126.8 -1.5090429 0.08167417 0.054752395 
127 -1.4980918 0.067860444 0.05475979 
127.2 -1.4871386 0.054396524 0.05477408 
127.4 -1.4761817 0.041278005 0.05479559 
127.6 -1.4652198 0.028500564 0.054824666 
127.8 -1.4542513 0.016059955 0.05486168 
128 -1.4432746 0.0039520117 0.054907032 
128.2 -1.4322879 -0.0078273522 0.054961149 
128.4 -1.4212895 -0.019282144 0.055024493 
128.6 -1.4102775 -0.030416289 0.055097563 
128.8 -1.3992498 -0.041233634 0.055180894 
129 -1.3882044 -0.051737942 0.055275065 
129.2 -1.377139 -0.061932896 0.055380702 
129.4 -1.3660513 -0.071822094 0.055498484 
129.6 -1.3549388 -0.081409049 0.055629144 
129.8 -1.3437987 -0.090697191 0.05577348 
130 -1.3326284 -0.09968986 0.055932359 
130.2 -1.3214248 -0.10839031 0.056106724 
130.4 -1.3101846 -0.1168017 0.056297604 
130.6 -1.2989045 -0.1249271 0.056506121 
130.8 -1.2875809 -0.13276949 0.056733503 
131 -1.2762098 -0.14033173 0.056981095 
131.2 -1.264787 -0.14761661 0.057250373 
131.4 -1.2533081 -0.1546268 0.057542958 
131.6 -1.2417682 -0.16136486 0.057860636 
131.8 -1.230162 -0.16783324 0.058205376 
132 -1.2184841 -0.17403427 0.058579357 
132.2 -1.2067282 -0.17997017 0.058984989 
132.4 -1.1948878 -0.18564301 0.059424949 
132.6 -1.1829557 -0.19105474 0.059902213 
132.8 -1.1709242 -0.19620717 0.060420098 
133 -1.1587847 -0.20110194 0.060982313 
133.2 -1.146528 -0.20574054 0.061593008 
133.4 -1.134144 -0.21012428 0.062256844 
133.6 -1.1216214 -0.21425431 0.062979069 
133.8 -1.1089481 -0.21813153 0.063765605 
134 -1.0961104 -0.22175668 0.064623154 
134.2 -1.0830936 -0.22513021 0.065559327 
134.4 -1.0698809 -0.22825237 0.066582786 
134.6 -1.056454 -0.23112307 0.067703429 
134.8 -1.0427923 -0.23374196 0.068932596 
135 -1.0288728 -0.23610833 0.07028333 
135.2 -1.0146698 -0.23822109 0.071770682 
135.4 -1.0001543 -0.24007873 0.073412088 
135.6 -0.98529339 -0.24167927 0.075227827 
135.8 -0.97004997 -0.2430202 0.077241581 
136 -0.95438172 -0.24409841 0.079481124 
136.2 -0.9382403 -0.24491011 0.08197918 
136.4 -0.92157024 -0.24545074 0.084774484 
136.6 -0.90430763 -0.24571484 0.087913115 
136.8 -0.88637846 -0.24569594 0.091450177 
137 -0.86769662 -0.24538636 0.095451926 
137.2 -0.84816141 -0.24477707 0.099998481 
137.4 -0.82765445 -0.24385738 0.10518731 
137.6 -0.80603577 -0.24261471 0.11113772 
137.8 -0.78313887 -0.24103422 0.11799673 
138 -0.75876445 -0.23909832 0.12594671 
138.2 -0.73267239 -0.23678621 0.13521549 
138.4 -0.70457139 -0.23407312 0.1460897 
138.6 -0.67410549 -0.23092947 0.15893258 
138.8 -0.6408365 -0.22731976 0.17420767 
139 -0.60422096 -0.22320119 0.1925105 
139.2 -0.56357966 -0.21852183 0.21461061 
139.4 -0.51805764 -0.21321825 0.24150669 
139.6 -0.46657156 -0.20721252 0.2744968 
139.8 -0.40774159 -0.20040821 0.31526273 
140 -0.33980569 -0.19268524 0.36595843 
140.2 -0.26051837 -0.18389337 0.42926878 
140.4 -0.16704713 -0.17384399 0.50835066 
140.6 -0.055908299 -0.16230072 0.60645067 
140.8 0.076955468 -0.14896995 0.7257735 
141 0.23573744 -0.13349526 0.86486589 
141.2 0.42358663 -0.11546417 1.0137167 
141.4 0.64024353 -0.094442508 1.1472049 
141.6 0.87861026 -0.070055476 1.2225829 
141.8 1.1222268 -0.042119341 1.1932379 
142 1.3476803 -0.010777755 1.0425535 
142.2 1.5335709 0.02345673 0.80787651 
142.4 1.6698573 0.059819912 0.55794764 
142.6 1.7594014 0.097504583 0.34649165 
142.8 1.8123254 0.13582655 0.19229037 
143 1.8397768 0.17428587 0.08974523 
143.2 1.8507463 0.21255114 0.025098325 
143.4 1.8514752 0.25041595 -0.014535224 
143.6 1.8459656 0.28775694 -0.038555462 
143.8 1.8366793 0.32450284 -0.053102652 
144 1.8250995 0.36061399 -0.061976167 
144.2 1.8121124 0.39606966 -0.067466149 
144.4 1.7982464 0.43086039 -0.07093789 
144.6 1.783817 0.46498339 -0.073203385 
144.8 1.7690128 0.49843982 -0.074746884 
145 1.7539467 0.53123318 -0.075858918 
145.2 1.7386861 0.56336832 -0.076715261 
145.4 1.7232704 0.59485086 -0.077423386 
145.6 1.7077221 0.62568684 -0.078049871 
145.8 1.6920531 0.65588248 -0.078636658 
146 1.6762683 0.68544404 -0.079210759 
146.2 1.6603684 0.71437776 -0.079790105 
146.4 1.6443511 0.74268979 -0.080387093 
146.6 1.6282118 0.77038611 -0.081010773 
146.8 1.6119445 0.7974726 -0.081668202 
147 1.5955419 0.8239549 -0.082365304 
147.2 1.5789954 0.84983848 -0.083107428 
147.4 1.5622955 0.8751286 -0.083899716 
147.6 1.5454318 0.89983028 -0.084747366 
147.8 1.5283925 0.92394832 -0.08565583 
148 1.511165 0.94748723 -0.086630967 
148.2 1.4937353 0.9704513 -0.087679192 
148.4 1.476088 0.99284448 -0.088807609 
148.6 1.4582064 1.0146705 -0.090024153 
148.8 1.4400719 1.0359326 -0.091337755 
149 1.4216641 1.0566338 -0.092758511 
149.2 1.4029606 1.0767768 -0.094297901 
149.4 1.3839362 1.0963637 -0.095969029 
149.6 1.3645632 1.1153964 -0.097786921 
149.8 1.3448105 1.133876 -0.099768885 
150 1.3246434 1.1518032 -0.10193494 
150.2 1.3040227 1.1691783 -0.10430836 
150.4 1.2829044 1.1860007 -0.10691632 
150.6 1.2612384 1.2022691 -0.10979071 
150.8 1.2389678 1.2179814 -0.11296915 
151 1.2160275 1.2331345 -0.11649629 
151.2 1.1923426 1.2477245 -0.12042539 
151.4 1.1678263 1.2617458 -0.12482042 
151.6 1.1423782 1.2751917 -0.12975865 
151.8 1.1158804 1.2880538 -0.13533415 
152 1.0881944 1.3003219 -0.14166215 
152.2 1.059156 1.3119832 -0.14888498 
152.4 1.0285691 1.3230225 -0.15717981 
152.6 0.99619792 1.3334213 -0.16676904 
152.8 0.96175658 1.3431571 -0.17793431 
153 0.92489536 1.3522027 -0.19103554 
153.2 0.88518265 1.3605252 -0.20653703 
153.4 0.84208064 1.3680843 -0.22504341 
153.6 0.79491255 1.3748307 -0.24734946 
153.8 0.74281807 1.3807033 -0.274509 
154 0.68469259 1.3856268 -0.3079297 
154.2 0.61910426 1.3895062 -0.34950077 
154.4 0.54418179 1.392222 -0.40175711 
154.6 0.45746671 1.393622 -0.4680675 
154.8 0.35572977 1.3935107 -0.55278608 
155 0.23477491 1.3916367 -0.6611753 
155.2 0.089319597 1.387676 -0.79859396 
155.4 -0.086800637 1.3812175 -0.96780013 
155.6 -0.2995355 1.3717563 -1.1623335 
155.8 -0.55164959 1.3587191 -1.3544099 
156 -0.83713753 1.3415571 -1.4831395 
156.2 -1.1351922 1.3199362 -1.4675023 
156.4 -1.4116218 1.2939747 -1.2679615 
156.6 -1.6339504 1.2643466 -0.94419347 
156.8 -1.7888956 1.2320956 -0.61274798 
157 -1.8840032 1.1982876 -0.35322105 
157.2 -1.9360641 1.1637636 -0.18081618 
157.4 -1.9608885 1.1290862 -0.076714396 
157.6 -1.9696945 1.0945944 -0.01701671 
157.8 -1.9694351 1.0604805 0.01635041 
158 -1.9641388 1.0268487 0.034791168 
158.2 -1.956065 0.99375311 0.044940975 
158.4 -1.9464637 0.96122018 0.050518619 
158.6 -1.9360237 0.92926101 0.053575329 
158.8 -1.9251254 0.89787829 0.055237168 
159 -1.9139799 0.86707016 0.056123057 
159.2 -1.9027048 0.83683219 0.056574683 
159.4 -1.8913662 0.80715862 0.056781855 
159.6 -1.8800012 0.77804297 0.056850773 
159.8 -1.868631 0.74947836 0.056841316 
160 -1.8572676 0.72145777 0.056787521 
160.2 -1.8459177 0.69397411 0.056708904 
160.4 -1.8345849 0.66702032 0.056616749 
160.6 -1.8232714 0.64058934 0.056517647 
160.8 -1.8119781 0.61467423 0.056415489 
161 -1.8007053 0.5892681 0.056312599 
161.2 -1.789453 0.56436415 0.05621039 
161.4 -1.778221 0.53995566 0.056109738 
161.6 -1.767009 0.51603602 0.056011202 
161.8 -1.7558164 0.49259869 0.055915153 
162 -1.7446427 0.46963724 0.055821853 
162.2 -1.7334874 0.44714531 0.055731494 
162.4 -1.7223499 0.42511665 0.055644233 
162.6 -1.7112295 0.40354509 0.055560204 
162.8 -1.7001256 0.38242454 0.05547953 
163 -1.6890375 0.36174902 0.055402327 
163.2 -1.6779644 0.34151261 0.055328714 
163.4 -1.6669057 0.32170951 0.055258808 
163.6 -1.6558606 0.30233397 0.055192733 
163.8 -1.6448284 0.28338035 0.055130616 
164 -1.6338081 0.26484308 0.05507259 
164.2 -1.6227991 0.24671669 0.055018797 
164.4 -1.6118003 0.22899578 0.054969386 
164.6 -1.600811 0.21167503 0.054924514 
164.8 -1.5898302 0.19474922 0.054884348 
165 -1.5788569 0.17821318 0.054849065 
165.2 -1.5678902 0.16206186 0.054818854 
165.4 -1.556929 0.14629026 0.054793914 
165.6 -1.5459723 0.13089348 0.054774459 
165.8 -1.5350189 0.11586668 0.054760714 
166 -1.5240676 0.10120512 0.054752923 
166.2 -1.5131173 0.086904121 0.054751343 
166.4 -1.5021666 0.072959101 0.054756249 
166.6 -1.4912143 0.059365545 0.054767937 
166.8 -1.480259 0.04611902 0.054786722 
167 -1.4692992 0.033215172 0.054812941 
167.2 -1.4583333 0.020649726 0.054846956 
167.4 -1.4473598 0.0084184879 0.054889157 
167.6 -1.4363771 -0.0034826602 0.05493996 
167.8 -1.4253832 -0.015057754 0.054999816 
168 -1.4143765 -0.026310751 0.055069206 
168.2 -1.4033549 -0.037245526 0.055148654 
168.4 -1.3923163 -0.047865873 0.055238721 
168.6 -1.3812587 -0.058175506 0.055340016 
168.8 -1.3701795 -0.068178053 0.055453196 
169 -1.3590765 -0.07787706 0.055578975 
169.2 -1.3479471 -0.087275988 0.055718125 
169.4 -1.3367883 -0.096378211 0.055871487 
169.6 -1.3255974 -0.10518701 0.056039975 
169.8 -1.3143713 -0.11370559 0.056224584 
170 -1.3031065 -0.12193705 0.056426401 
170.2 -1.2917995 -0.1298844 0.056646613 
170.4 -1.2804465 -0.13755055 0.056886521 
170.6 -1.2690435 -0.14493831 0.057147549 
170.8 -1.257586 -0.1520504 0.057431262 
171 -1.2460693 -0.15888942 0.057739383 
171.2 -1.2344885 -0.16545786 0.058073812 
171.4 -1.2228379 -0.17175811 0.058436644 
171.6 -1.2111118 -0.1777924 0.058830202 
171.8 -1.1993036 -0.18356288 0.059257059 
172 -1.1874065 -0.18907155 0.059720074 
172.2 -1.175413 -0.19432026 0.060222434 
172.4 -1.1633147 -0.19931071 0.060767695 
172.6 -1.1511028 -0.20404446 0.061359836 
172.8 -1.1387673 -0.20852289 0.06200332 
173 -1.1262977 -0.2127472 0.062703166 
173.2 -1.1136819 -0.21671839 0.063465034 
173.4 -1.1009071 -0.22043726 0.064295324 
173.6 -1.0879588 -0.22390437 0.06520129 
173.8 -1.074821 -0.22712005 0.066191186 
174 -1.0614761 -0.23008434 0.067274427 
174.2 -1.0479043 -0.23279699 0.068461788 
174.4 -1.0340836 -0.23525742 0.069765647 
174.6 -1.0199893 -0.2374647 0.071200265 
174.8 -1.0055937 -0.23941746 0.072782145 
175 -0.99086537 -0.24111393 0.074530448 
175.2 -0.97576893 -0.24255178 0.076467517 
175.4 -0.96026405 -0.24372815 0.078619512 
175.6 -0.94430475 -0.2446395 0.081017203 
175.8 -0.92783838 -0.24528157 0.08369695 
176 -0.91080431 -0.24564926 0.086701923 
176.2 -0.89313251 -0.24573649 0.090083647 
176.4 -0.87474164 -0.24553604 0.093903946 
176.6 -0.85553676 -0.24503942 0.098237418 
176.8 -0.83540647 -0.24423658 0.10317461 
177 -0.81421935 -0.2431157 0.10882611 
177.2 -0.79181942 -0.2416628 0.11532783 
177.4 -0.76802042 -0.23986138 0.12284795 
177.6 -0.74259849 -0.23769192 0.13159603 
177.8 -0.71528276 -0.2351312 0.14183501 
178 -0.68574314 -0.23215155 0.1538972 
178.2 -0.6535744 -0.22871982 0.16820559 
178.4 -0.61827536 -0.22479613 0.18530232 
178.6 -0.57922143 -0.22033216 0.2058865 
178.8 -0.53562846 -0.21526909 0.23086418 
179 -0.48650514 -0.2095348 0.26141285 
179.2 -0.430591 -0.20304025 0.29906101 
179.4 -0.36627735 -0.19567487 0.34577733 
179.6 -0.29151106 -0.1873005 0.40404685 
179.8 -0.20368903 -0.17774385 0.47687179 
180 -0.099571669 -0.16678748 0.56754488 
180.2 0.024710305 -0.15416004 0.67886532 
180.4 0.17338758 -0.13952862 0.81117867 
180.6 0.35020278 -0.12249947 0.95838573 
180.8 0.55652542 -0.10263989 1.1017095 
181 0.78821855 -0.079539984 1.2045215 
181.2 1.0323816 -0.05292748 1.2185343 
181.4 1.267446 -0.02281192 1.1115747 
181.6 1.4699731 0.010426229 0.90076397 
181.8 1.6249949 0.046093956 0.64857589 
182 1.7309782 0.083375853 0.41876742 
182.2 1.7961758 0.12152915 0.24301086 
182.4 1.831907 0.15998423 0.12270087 
182.6 1.8481385 0.19835149 0.045609991 
182.8 1.8521062 0.23638335 -0.0020354079 
183 1.8485621 0.27392981 -0.030992012 
183.2 1.8404655 0.31090311 -0.048515458 
183.4 1.8296101 0.34725366 -0.059167127 
183.6 1.8170697 0.38295481 -0.065717105 
183.8 1.8034849 0.41799355 -0.069821492 
184 1.7892376 0.45236503 -0.07246538 
184.2 1.7745564 0.48606916 -0.074235385 
184.4 1.759578 0.51910872 -0.075482561 
184.6 1.744384 0.55148815 -0.076418584 
184.8 1.7290226 0.58321282 -0.077172337 
185 1.7135218 0.61428865 -0.077823246 
185.2 1.6978968 0.64472181 -0.078421009 
185.4 1.6821548 0.67451856 -0.078997346 
185.6 1.6662979 0.70368517 -0.079573055 
185.8 1.6503247 0.7322278 -0.080162278 
186 1.6342314 0.76015252 -0.080775119 
186.2 1.6180126 0.78746524 -0.081419253 
186.4 1.6016612 0.81417169 -0.082100948 
186.6 1.5851693 0.84027742 -0.082825715 
186.8 1.5685277 0.86578775 -0.083598739 
187 1.5517263 0.89070781 -0.08442517 
187.2 1.5347537 0.91504246 -0.085310347 
187.4 1.5175978 0.93879634 -0.08625996 
187.6 1.500245 0.96197381 -0.087280201 
187.8 1.4826806 0.98457896 -0.088377901 
188 1.4648882 1.0066156 -0.089560669 
188.2 1.4468501 1.0280871 -0.090837045 
188.4 1.4285465 1.0489967 -0.092216669 
188.6 1.4099558 1.0693472 -0.093710481 
188.8 1.3910539 1.0891407 -0.095330946 
189 1.371814 1.1083794 -0.097092339 
189.2 1.3522065 1.1270647 -0.099011073 
189.4 1.3321979 1.1451974 -0.1011061 
189.6 1.3117508 1.162778 -0.10339942 
189.8 1.2908232 1.1798061 -0.10591666 
190 1.2693672 1.1962808 -0.10868784 
190.2 1.2473288 1.2122003 -0.11174835 
190.4 1.2246458 1.227562 -0.11514002 
190.6 1.2012474 1.242362 -0.11891271 
190.8 1.1770514 1.2565956 -0.12312613 
191 1.1519628 1.2702565 -0.12785225 
191.2 1.1258705 1.2833369 -0.13317841 
191.4 1.0986443 1.2958274 -0.13921139 
191.6 1.0701302 1.3077161 -0.14608264 
191.8 1.0401446 1.3189888 -0.1539553 
192 1.0084678 1.3296283 -0.16303353 
192.2 0.97483381 1.3396137 -0.17357502 
192.4 0.93891856 1.3489196 -0.18590792 
192.6 0.90032336 1.3575155 -0.20045412 
192.8 0.85855323 1.3653638 -0.21776104 
193 0.81298759 1.372419 -0.23854583 
193.2 0.76284055 1.3786247 -0.26375637 
193.4 0.70710674 1.3839113 -0.29465567 
193.6 0.64448745 1.3881917 -0.33293652 
193.8 0.57329017 1.3913563 -0.38087228 
194 0.49129456 1.3932661 -0.44149953 
194.2 0.39558137 1.3937432 -0.51879597 
194.4 0.28233551 1.3925587 -0.61772511 
194.6 0.14668031 1.3894175 -0.7437891 
194.8 -0.01728373 1.3839424 -0.9012244 
195 -0.21580808 1.3756628 -1.0881206 
195.2 -0.45335417 1.3640247 -1.2863196 
195.4 -0.72797002 1.3484532 -1.4478297 
195.6 -1.0248164 1.3285064 -1.4945521 
195.8 -1.3136344 1.30411 -1.3621264 
196 -1.558917 1.2757368 -1.0718155 
196.2 -1.7389795 1.244331 -0.73039034 
196.4 -1.8545946 1.2109891 -0.4392778 
196.6 -1.920631 1.1766515 -0.23565957 
196.8 -1.9540174 1.1419813 -0.10906612 
197 -1.9677707 1.1073917 -0.03534652 
197.2 -1.9702867 1.0731214 0.0061624402 
197.4 -1.9665265 1.0393018 0.029172939 
197.6 -1.9592986 1.0060024 0.041850833 
197.8 -1.9501622 0.97325824 0.048821452 
198 -1.9399772 0.94108493 0.052646857 
198.2 -1.929218 0.90948776 0.05473476 
198.4 -1.9181469 0.87846625 0.055858163 
198.6 -1.9069102 0.84801676 0.056443 
198.8 -1.8955896 0.81813392 0.056725303 
199 -1.8842313 0.78881147 0.056836766 
199.2 -1.8728613 0.76004264 0.056851429 
199.4 -1.8614944 0.73182046 0.056811252 
199.6 -1.8501388 0.70413785 0.05674021 
199.8 -1.8387994 0.67698773 0.056652127 
200 -1.8274786 0.65036304 0.056555042 
