1 1 -0.282625 0.7 0 -1.35 -0.8125 -1.35 -0.8125 -0.69589711 0 -0.19060289 0 
1 1 -0.24272847 0.7 0 -1.3305031 -0.78812893 -1.3305031 -0.78812893 -0.62852708 0 -0.20571154 0 
1 1 -0.20384346 0.7 0 -1.3110063 -0.76375786 -1.3110063 -0.76375786 -0.55620289 0 -0.2265346 0 
1 1 -0.16595515 0.7 0 -1.2915094 -0.73938679 -1.2915094 -0.73938679 -0.47184243 0 -0.26015418 0 
1 1 -0.12904871 0.7 0 -1.2720126 -0.71501572 -1.2720126 -0.71501572 -0.341008 0.057153897 -0.341008 -0.057153897 
1 1 -0.093109331 0.7 0 -1.2525157 -0.69064465 -1.2525157 -0.69064465 -0.31639782 0.12765321 -0.31639782 -0.12765321 
1 1 -0.058122181 0.7 0 -1.2330189 -0.66627358 -1.2330189 -0.66627358 -0.29216776 0.16715104 -0.29216776 -0.16715104 
1 1 -0.024072439 0.7 0 -1.213522 -0.64190252 -1.213522 -0.64190252 -0.26831784 0.19558686 -0.26831784 -0.19558686 
1 1 0.0090547169 0.7 0 -1.1940252 -0.61753145 -1.1940252 -0.61753145 -0.24484804 0.21747181 -0.24484804 -0.21747181 
1 1 0.04127411 0.7 0 -1.1745283 -0.59316038 -1.1745283 -0.59316038 -0.22175837 0.23476009 -0.22175837 -0.23476009 
1 1 0.072600562 0.7 0 -1.1550314 -0.56878931 -1.1550314 -0.56878931 -0.19904882 0.24851925 -0.19904882 -0.24851925 
1 1 0.1030489 0.7 0 -1.1355346 -0.54441824 -1.1355346 -0.54441824 -0.1767194 0.25941152 -0.1767194 -0.25941152 
1 1 0.13263393 0.7 0 -1.1160377 -0.52004717 -1.1160377 -0.52004717 -0.15477011 0.26788204 -0.15477011 -0.26788204 
1 1 0.1613705 0.7 0 -1.0965409 -0.4956761 -1.0965409 -0.4956761 -0.13320095 0.27424666 -0.13320095 -0.27424666 
1 1 0.18927341 0.7 0 -1.077044 -0.47130503 -1.077044 -0.47130503 -0.11201192 0.27873797 -0.11201192 -0.27873797 
1 1 0.2163575 0.7 0 -1.0575472 -0.44693396 -1.0575472 -0.44693396 -0.091203008 0.28153152 -0.091203008 -0.28153152 
1 1 0.24263758 0.7 0 -1.0380503 -0.42256289 -1.0380503 -0.42256289 -0.070774228 0.28276158 -0.070774228 -0.28276158 
1 1 0.26812848 0.7 0 -1.0185535 -0.39819182 -1.0185535 -0.39819182 -0.050725575 0.28253104 -0.050725575 -0.28253104 
1 1 0.29284502 0.7 0 -0.9990566 -0.37382075 -0.9990566 -0.37382075 -0.031057049 0.28091771 -0.031057049 -0.28091771 
1 1 0.31680202 0.7 0 -0.97955975 -0.34944969 -0.97955975 -0.34944969 -0.01176865 0.27797821 -0.01176865 -0.27797821 
2 1 0.34001431 0.7 0 -0.96006289 -0.32507862 -0.96006289 -0.32507862 0.0071396207 0.27375017 0.0071396207 -0.27375017 
2 1 0.36249671 0.7 0 -0.94056604 -0.30070755 -0.94056604 -0.30070755 0.025667764 0.26825304 0.025667764 -0.26825304 
2 1 0.38426403 0.7 0 -0.92106918 -0.27633648 -0.92106918 -0.27633648 0.043815781 0.26148759 0.043815781 -0.26148759 
2 1 0.40533111 0.7 0 -0.90157233 -0.25196541 -0.90157233 -0.25196541 0.06158367 0.2534339 0.06158367 -0.2534339 
2 1 0.42571276 0.7 0 -0.88207547 -0.22759434 -0.88207547 -0.22759434 0.078971431 0.24404747 0.078971431 -0.24404747 
2 1 0.44542381 0.7 0 -0.86257862 -0.20322327 -0.86257862 -0.20322327 0.095979065 0.23325244 0.095979065 -0.23325244 
2 1 0.46447908 0.7 0 -0.84308176 -0.1788522 -0.84308176 -0.1788522 0.11260657 0.22093012 0.11260657 -0.22093012 
2 1 0.4828934 0.7 0 -0.82358491 -0.15448113 -0.82358491 -0.15448113 0.12885395 0.20689938 0.12885395 -0.20689938 
2 1 0.50068158 0.7 0 -0.80408805 -0.13011006 -0.80408805 -0.13011006 0.1447212 0.19088075 0.1447212 -0.19088075 
2 1 0.51785844 0.7 0 -0.78459119 -0.10573899 -0.78459119 -0.10573899 0.16020833 0.17242571 0.16020833 -0.17242571 
2 1 0.53443882 0.7 0 -0.76509434 -0.081367925 -0.76509434 -0.081367925 0.17531533 0.15075866 0.17531533 -0.15075866 
2 1 0.55043754 0.7 0 -0.74559748 -0.056996855 -0.74559748 -0.056996855 0.1900422 0.12434855 0.1900422 -0.12434855 
2 1 0.5658694 0.7 0 -0.72610063 -0.032625786 -0.72610063 -0.032625786 0.20438894 0.089260169 0.20438894 -0.089260169 
2 1 0.58074925 0.7 0 -0.70660377 -0.008254717 -0.70660377 -0.008254717 0.21835555 0.016593413 0.21835555 -0.016593413 
2 1 0.5950919 0.7 0 -0.68710692 0.016116352 -0.68710692 0.016116352 0.31901495 0 0.14486913 0 
2 1 0.60891217 0.7 0 -0.66761006 0.040487421 -0.66761006 0.040487421 0.36993916 0 0.12035764 0 
2 1 0.62222489 0.7 0 -0.64811321 0.064858491 -0.64811321 0.064858491 0.41181763 0 0.10413164 0 
2 1 0.63504488 0.7 0 -0.62861635 0.08922956 -0.62861635 0.08922956 0.44885065 0 0.091990833 0 
2 1 0.64738695 0.7 0 -0.6091195 0.11360063 -0.6091195 0.11360063 0.48261929 0 0.082354147 0 
2 1 0.65926595 0.7 0 -0.58962264 0.1379717 -0.58962264 0.1379717 0.51391694 0 0.074428196 0 
2 1 0.67069668 0.7 0 -0.57012579 0.16234277 -0.57012579 0.16234277 0.54320547 0 0.067751119 0 
2 1 0.68169396 0.7 0 -0.55062893 0.18671384 -0.55062893 0.18671384 0.57077983 0 0.062027949 0 
2 1 0.69227263 0.7 0 -0.53113208 0.21108491 -0.53113208 0.21108491 0.59684082 0 0.057057897 0 
2 1 0.70244751 0.7 0 -0.51163522 0.23545597 -0.51163522 0.23545597 0.62153165 0 0.052697748 0 
2 1 0.71223341 0.7 0 -0.49213836 0.25982704 -0.49213836 0.25982704 0.6449582 0 0.048841632 0 
2 1 0.72164516 0.7 0 -0.47264151 0.28419811 -0.47264151 0.28419811 0.66720096 0 0.045409047 0 
2 1 0.73069758 0.7 0 -0.45314465 0.30856918 -0.45314465 0.30856918 0.68832255 0 0.042337367 0 
2 1 0.7394055 0.7 0 -0.4336478 0.33294025 -0.4336478 0.33294025 0.70837264 0 0.039576947 0 
2 1 0.74778374 0.7 0 -0.41415094 0.35731132 -0.41415094 0.35731132 0.72739119 0 0.037087807 0 
2 1 0.75584711 0.7 0 -0.39465409 0.38168239 -0.39465409 0.38168239 0.74541083 0 0.034837324 0 
2 1 0.76361045 0.7 0 -0.37515723 0.40605346 -0.37515723 0.40605346 0.76245848 0 0.032798571 0 
2 1 0.77108857 0.7 0 -0.35566038 0.43042453 -0.35566038 0.43042453 0.77855658 0 0.030949113 0 
2 1 0.7782963 0.7 0 -0.33616352 0.4547956 -0.33616352 0.4547956 0.79372399 0 0.029270097 0 
2 1 0.78524846 0.7 0 -0.31666667 0.47916667 -0.31666667 0.47916667 0.80797665 0 0.027745576 0 
2 1 0.79195987 0.7 0 -0.29716981 0.50353774 -0.29716981 0.50353774 0.82132813 0 0.026361977 0 
2 1 0.79844536 0.7 0 -0.27767296 0.52790881 -0.27767296 0.52790881 0.83379004 0 0.025107694 0 
2 1 0.80471974 0.7 0 -0.2581761 0.55227987 -0.2581761 0.55227987 0.84537233 0 0.023972766 0 
2 1 0.81079785 0.7 0 -0.23867925 0.57665094 -0.23867925 0.57665094 0.8560836 0 0.022948621 0 
2 1 0.81669449 0.7 0 -0.21918239 0.60102201 -0.21918239 0.60102201 0.86593121 0 0.022027869 0 
2 1 0.82242451 0.7 0 -0.19968553 0.62539308 -0.19968553 0.62539308 0.87492155 0 0.021204137 0 
2 1 0.82800271 0.7 0 -0.18018868 0.64976415 -0.18018868 0.64976415 0.8830601 0 0.020471935 0 
2 1 0.83344392 0.7 0 -0.16069182 0.67413522 -0.16069182 0.67413522 0.89035159 0 0.019826549 0 
2 1 0.83876297 0.7 0 -0.14119497 0.69850629 -0.14119497 0.69850629 0.89680004 0 0.019263943 0 
2 1 0.84397467 0.7 0 -0.12169811 0.72287736 -0.12169811 0.72287736 0.90240887 0 0.018780697 0 
2 1 0.84909385 0.7 0 -0.10220126 0.74724843 -0.10220126 0.74724843 0.90718097 0 0.018373937 0 
2 1 0.85413533 0.7 0 -0.082704403 0.7716195 -0.082704403 0.7716195 0.91111869 0 0.018041295 0 
2 1 0.85911394 0.7 0 -0.063207547 0.79599057 -0.063207547 0.79599057 0.91422394 0 0.017780865 0 
2 1 0.86404449 0.7 0 -0.043710692 0.82036164 -0.043710692 0.82036164 0.9164982 0 0.017591175 0 
2 1 0.86894181 0.7 0 -0.024213836 0.8447327 -0.024213836 0.8447327 0.91794253 0 0.017471163 0 
2 1 0.87382072 0.7 0 -0.0047169811 0.86910377 -0.0047169811 0.86910377 0.91855759 0 0.017420164 0 
2 1 0.87869604 0.7 0 0.014779874 0.89347484 0.014779874 0.89347484 0.91834366 0 0.017437895 0 
2 1 0.88358261 0.7 0 0.03427673 0.91784591 0.03427673 0.91784591 0.91730065 0 0.017524454 0 
2 1 0.88849523 0.7 0 0.053773585 0.94221698 0.053773585 0.94221698 0.91542808 0 0.017680321 0 
2 1 0.89344873 0.7 0 0.07327044 0.96658805 0.07327044 0.96658805 0.91272508 0 0.017906364 0 
2 1 0.89845794 0.7 0 0.092767296 0.99095912 0.092767296 0.99095912 0.90919037 0 0.018203855 0 
2 1 0.90353767 0.7 0 0.11226415 1.0153302 0.11226415 1.0153302 0.90482228 0 0.018574484 0 
2 1 0.90870275 0.7 0 0.13176101 1.0397013 0.13176101 1.0397013 0.89961864 0 0.019020395 0 
2 1 0.91396801 0.7 0 0.15125786 1.0640723 0.15125786 1.0640723 0.89357685 0 0.019544208 0 
2 1 0.91934825 0.7 0 0.17075472 1.0884434 0.17075472 1.0884434 0.88669375 0 0.020149075 0 
2 1 0.92485832 0.7 0 0.19025157 1.1128145 0.19025157 1.1128145 0.87896561 0 0.020838724 0 
2 1 0.93051303 0.7 0 0.20974843 1.1371855 0.20974843 1.1371855 0.87038807 0 0.021617532 0 
2 1 0.93632719 0.7 0 0.22924528 1.1615566 0.22924528 1.1615566 0.860956 0 0.022490601 0 
2 1 0.94231565 0.7 0 0.24874214 1.1859277 0.24874214 1.1859277 0.85066349 0 0.023463861 0 
2 1 0.94849321 0.7 0 0.26823899 1.2102987 0.26823899 1.2102987 0.83950365 0 0.024544191 0 
2 1 0.9548747 0.7 0 0.28773585 1.2346698 0.28773585 1.2346698 0.82746851 0 0.025739569 0 
2 1 0.96147494 0.7 0 0.3072327 1.2590409 0.3072327 1.2590409 0.81454881 0 0.027059255 0 
2 1 0.96830876 0.7 0 0.32672956 1.2834119 0.32672956 1.2834119 0.80073377 0 0.028514023 0 
2 1 0.97539097 0.7 0 0.34622642 1.307783 0.34622642 1.307783 0.78601082 0 0.030116449 0 
2 1 0.98273641 0.7 0 0.36572327 1.3321541 0.36572327 1.3321541 0.77036522 0 0.031881274 0 
2 1 0.99035989 0.7 0 0.38522013 1.3565252 0.38522013 1.3565252 0.75377958 0 0.033825871 0 
2 1 0.99827623 0.7 0 0.40471698 1.3808962 0.40471698 1.3808962 0.73623332 0 0.035970843 0 
2 1 1.0065003 0.7 0 0.42421384 1.4052673 0.42421384 1.4052673 0.71770181 0 0.038340815 0 
2 1 1.0150468 0.7 0 0.44371069 1.4296384 0.44371069 1.4296384 0.69815534 0 0.040965478 0 
2 1 1.0239307 0.7 0 0.46320755 1.4540094 0.46320755 1.4540094 0.67755776 0 0.04388101 0 
2 1 1.0331667 0.7 0 0.4827044 1.4783805 0.4827044 1.4783805 0.65586442 0 0.047132038 0 
2 1 1.0427697 0.7 0 0.50220126 1.5027516 0.50220126 1.5027516 0.63301949 0 0.050774409 0 
2 1 1.0527545 0.7 0 0.52169811 1.5271226 0.52169811 1.5271226 0.60895184 0 0.054879234 0 
2 1 1.063136 0.7 0 0.54119497 1.5514937 0.54119497 1.5514937 0.58356906 0 0.059538948 0 
2 1 1.0739288 0.7 0 0.56069182 1.5758648 0.56069182 1.5758648 0.55674788 0 0.0648768 0 
2 1 1.085148 0.7 0 0.58018868 1.6002358 0.58018868 1.6002358 0.52831866 0 0.071062433 0 
2 1 1.0968082 0.7 0 0.59968553 1.6246069 0.59968553 1.6246069 0.49803817 0 0.078339086 0 
2 1 1.1089244 0.7 0 0.61918239 1.648978 0.61918239 1.648978 0.46553811 0 0.087075056 0 
2 1 1.1215113 0.7 0 0.63867925 1.6733491 0.63867925 1.6733491 0.43021642 0 0.097872405 0 
2 1 1.1345837 0.7 0 0.6581761 1.6977201 0.6581761 1.6977201 0.39096748 0 0.11183675 0 
2 1 1.1481566 0.7 0 0.67767296 1.7220912 0.67767296 1.7220912 0.3453071 0 0.13145227 0 
2 1 1.1622446 0.7 0 0.69716981 1.7464623 0.69716981 1.7464623 0.28420364 0 0.16575061 0 
2 1 1.1768627 0.7 0 0.71666667 1.7708333 0.71666667 1.7708333 0.21119444 0.065330068 0.21119444 -0.065330068 
2 1 1.1920256 0.7 0 0.73616352 1.7952044 0.73616352 1.7952044 0.19703163 0.10891504 0.19703163 -0.10891504 
2 1 1.2077481 0.7 0 0.75566038 1.8195755 0.75566038 1.8195755 0.1824887 0.1387203 0.1824887 -0.1387203 
2 1 1.2240452 0.7 0 0.77515723 1.8439465 0.77515723 1.8439465 0.16756563 0.16241108 0.16756563 -0.16241108 
2 1 1.2409316 0.7 0 0.79465409 1.8683176 0.79465409 1.8683176 0.15226244 0.1822925 0.15226244 -0.1822925 
2 1 1.2584222 0.7 0 0.81415094 1.8926887 0.81415094 1.8926887 0.13657912 0.1994192 0.13657912 -0.1994192 
2 1 1.2765316 0.7 0 0.8336478 1.9170597 0.8336478 1.9170597 0.12051567 0.21436876 0.12051567 -0.21436876 
2 1 1.2952749 0.7 0 0.85314465 1.9414308 0.85314465 1.9414308 0.1040721 0.22749015 0.1040721 -0.22749015 
2 1 1.3146668 0.7 0 0.87264151 1.9658019 0.87264151 1.9658019 0.087248398 0.23900611 0.087248398 -0.23900611 
2 1 1.3347221 0.7 0 0.89213836 1.990173 0.89213836 1.990173 0.070044569 0.24906235 0.070044569 -0.24906235 
2 1 1.3554557 0.7 0 0.91163522 2.014544 0.91163522 2.014544 0.052460613 0.25775361 0.052460613 -0.25775361 
2 1 1.3768823 0.7 0 0.93113208 2.0389151 0.93113208 2.0389151 0.034496529 0.26513852 0.034496529 -0.26513852 
2 1 1.3990169 0.7 0 0.95062893 2.0632862 0.95062893 2.0632862 0.016152318 0.27124824 0.016152318 -0.27124824 
1 1 1.4218741 0.7 0 0.97012579 2.0876572 0.97012579 2.0876572 -0.0025720205 0.27609166 -0.0025720205 -0.27609166 
1 1 1.445469 0.7 0 0.98962264 2.1120283 0.98962264 2.1120283 -0.021676486 0.27965822 -0.021676486 -0.27965822 
1 1 1.4698161 0.7 0 1.0091195 2.1363994 1.0091195 2.1363994 -0.041161079 0.28191911 -0.041161079 -0.28191911 
1 1 1.4949305 0.7 0 1.0286164 2.1607704 1.0286164 2.1607704 -0.0610258 0.28282707 -0.0610258 -0.28282707 
1 1 1.5208268 0.7 0 1.0481132 2.1851415 1.0481132 2.1851415 -0.081270648 0.28231494 -0.081270648 -0.28231494 
1 1 1.5475201 0.7 0 1.0676101 2.2095126 1.0676101 2.2095126 -0.10189562 0.28029256 -0.10189562 -0.28029256 
1 1 1.5750249 0.7 0 1.0871069 2.2338836 1.0871069 2.2338836 -0.12290073 0.27664183 -0.12290073 -0.27664183 
1 1 1.6033562 0.7 0 1.1066038 2.2582547 1.1066038 2.2582547 -0.14428596 0.27120871 -0.14428596 -0.27120871 
1 1 1.6325289 0.7 0 1.1261006 2.2826258 1.1261006 2.2826258 -0.16605131 0.26379069 -0.16605131 -0.26379069 
1 1 1.6625576 0.7 0 1.1455975 2.3069969 1.1455975 2.3069969 -0.1881968 0.25411642 -0.1881968 -0.25411642 
1 1 1.6934573 0.7 0 1.1650943 2.3313679 1.1650943 2.3313679 -0.21072241 0.24181095 -0.21072241 -0.24181095 
1 1 1.7252428 0.7 0 1.1845912 2.355739 1.1845912 2.355739 -0.23362815 0.22633226 -0.23362815 -0.22633226 
1 1 1.7579289 0.7 0 1.2040881 2.3801101 1.2040881 2.3801101 -0.25691402 0.20684338 -0.25691402 -0.20684338 
1 1 1.7915304 0.7 0 1.2235849 2.4044811 1.2235849 2.4044811 -0.28058001 0.18191509 -0.28058001 -0.18191509 
1 1 1.8260621 0.7 0 1.2430818 2.4288522 1.2430818 2.4288522 -0.30462613 0.14865754 -0.30462613 -0.14865754 
1 1 1.8615388 0.7 0 1.2625786 2.4532233 1.2625786 2.4532233 -0.32905238 0.098728087 -0.32905238 -0.098728087 
1 1 1.8979755 0.7 0 1.2820755 2.4775943 1.2820755 2.4775943 -0.41724724 0 -0.29047028 0 
1 1 1.9353869 0.7 0 1.3015723 2.5019654 1.3015723 2.5019654 -0.5178023 0 -0.24028822 0 
1 1 1.9737877 0.7 0 1.3210692 2.5263365 1.3210692 2.5263365 -0.59439193 0 -0.21483186 0 
1 1 2.013193 0.7 0 1.340566 2.5507075 1.340566 2.5507075 -0.66372221 0 -0.19739509 0 
1 1 2.0536174 0.7 0 1.3600629 2.5750786 1.3600629 2.5750786 -0.72957409 0 -0.18419699 0 
1 1 2.0950758 0.7 0 1.3795597 2.5994497 1.3795597 2.5994497 -0.79352465 0 -0.17366045 0 
1 1 2.137583 0.7 0 1.3990566 2.6238208 1.3990566 2.6238208 -0.85640031 0 -0.16495907 0 
1 1 2.1811539 0.7 0 1.4185535 2.6481918 1.4185535 2.6481918 -0.91869306 0 -0.15760085 0 
1 1 2.2258032 0.7 0 1.4380503 2.6725629 1.4380503 2.6725629 -0.98072117 0 -0.15126754 0 
1 1 2.2715458 0.7 0 1.4575472 2.696934 1.4575472 2.696934 -1.0427029 0 -0.14574084 0 
1 1 2.3183965 0.7 0 1.477044 2.721305 1.477044 2.721305 -1.1047947 0 -0.14086434 0 
1 1 2.3663701 0.7 0 1.4965409 2.7456761 1.4965409 2.7456761 -1.1671125 0 -0.13652207 0 
1 1 2.4154815 0.7 0 1.5160377 2.7700472 1.5160377 2.7700472 -1.2297448 0 -0.13262566 0 
1 1 2.4657455 0.7 0 1.5355346 2.7944182 1.5355346 2.7944182 -1.2927602 0 -0.12910628 0 
1 1 2.5171769 0.7 0 1.5550314 2.8187893 1.5550314 2.8187893 -1.3562135 0 -0.12590927 0 
1 1 2.5697904 0.7 0 1.5745283 2.8431604 1.5745283 2.8431604 -1.4201488 0 -0.12299058 0 
1 1 2.6236011 0.7 0 1.5940252 2.8675314 1.5940252 2.8675314 -1.484602 0 -0.12031415 0 
1 1 2.6786236 0.7 0 1.613522 2.8919025 1.613522 2.8919025 -1.5496031 0 -0.11785018 0 
1 1 2.7348727 0.7 0 1.6330189 2.9162736 1.6330189 2.9162736 -1.6151769 0 -0.11557374 0 
1 1 2.7923634 0.7 0 1.6525157 2.9406447 1.6525157 2.9406447 -1.6813444 0 -0.1134638 0 
1 1 2.8511105 0.7 0 1.6720126 2.9650157 1.6720126 2.9650157 -1.7481236 0 -0.11150245 0 
1 1 2.9111286 0.7 0 1.6915094 2.9893868 1.6915094 2.9893868 -1.8155298 0 -0.10967436 0 
1 1 2.9724328 0.7 0 1.7110063 3.0137579 1.7110063 3.0137579 -1.8835762 0 -0.10796628 0 
1 1 3.0350378 0.7 0 1.7305031 3.0381289 1.7305031 3.0381289 -1.9522744 0 -0.10636672 0 
1 1 3.0989583 0.7 0 1.75 3.0625 1.75 3.0625 -2.0216344 0 -0.10486565 0 
3 2 0.34 0.7 46.7875 1.7794589 1.2628204 -1.9878315 -0.37021919 1 0 5.4816455e-17 0 
3 2 0.36431818 0.7 44.416667 1.8010698 1.2827666 -1.9852695 -0.35143607 1 0 2.3287942e-17 0 
3 2 0.38863636 0.7 42.975 1.8144395 1.3026967 -1.9826687 -0.33260064 1 0 1.8277303e-17 0 
3 2 0.41295455 0.7 41.9125 1.8248255 1.3226116 -1.9800561 -0.31371544 1 0 1.7591123e-17 0 
3 2 0.43727273 0.7 41.075 1.8335988 1.3425122 -1.977402 -0.2947827 1 0 1.8120301e-17 0 
3 2 0.46159091 0.7 40.3625 1.8413294 1.3623977 -1.9747174 -0.27580449 1 0 1.9443784e-17 0 
3 2 0.48590909 0.7 39.775 1.8483266 1.3822667 -1.9719941 -0.25678273 1 0 2.2051536e-17 0 
3 2 0.51022727 0.7 39.275 1.8547642 1.4021195 -1.9692431 -0.23771958 1 0 2.4621177e-17 0 
3 2 0.53454545 0.7 38.82 1.8607649 1.4219567 -1.9664531 -0.21861631 1 0 2.6127338e-17 0 
3 2 0.55886364 0.7 38.45 1.8664101 1.4417763 -1.9636244 -0.19947456 1 0 2.9928226e-17 0 
3 2 0.58318182 0.7 38.1125 1.8717549 1.4615768 -1.9607354 -0.18029575 1 0 3.430442e-17 0 
3 2 0.6075 0.7 37.8 1.8768219 1.481364 -1.9578434 -0.16108185 1 0 3.6075581e-17 0 
3 2 0.63181818 0.7 37.55 1.8817158 1.5011309 -1.9548954 -0.14183348 1 0 3.9858163e-17 0 
3 2 0.65613636 0.7 37.3125 1.8863939 1.5208793 -1.9518965 -0.12255203 1 0 4.2515151e-17 0 
3 2 0.68045455 0.7 37.125 1.8909018 1.5406086 -1.9488538 -0.10323849 1 0 4.7727532e-17 0 
3 2 0.70477273 0.7 36.95 1.8952563 1.5603186 -1.9457607 -0.083894392 1 0 4.976846e-17 0 
3 2 0.72909091 0.7 36.81 1.89947 1.5800046 -1.9426153 -0.064520259 1 0 5.2503779e-17 0 
3 2 0.75340909 0.7 36.68 1.9035601 1.5996779 -1.9394143 -0.045117318 1 0 5.3701824e-17 0 
3 2 0.77772727 0.7 36.58 1.9075417 1.6193268 -1.9361567 -0.025686274 1 0 5.574273e-17 0 
3 2 0.80204545 0.7 36.52 1.9114138 1.6389534 -1.932839 -0.0062283089 1 0 6.161574e-17 0 
3 2 0.82636364 0.7 36.46 1.9151906 1.6585586 -1.9294546 0.013255977 1 0 6.0331008e-17 0 
3 2 0.85068182 0.7 36.43 1.9188766 1.6781408 -1.9260041 0.032766126 1 0 6.2977888e-17 0 
3 2 0.875 0.7 36.42 1.9224757 1.6976994 -1.922479 0.052300471 1 0 6.0971605e-17 0 
3 2 0.89931818 0.7 36.43 1.9260037 1.7172341 -1.9188768 0.071859373 1 0 6.2982795e-17 0 
3 2 0.92363636 0.7 36.46 1.9294556 1.7367438 -1.9151898 0.091441306 1 0 6.0328123e-17 0 
3 2 0.94795455 0.7 36.51 1.9328381 1.7562284 -1.9114126 0.11104621 1 0 5.8824486e-17 0 
3 2 0.97227273 0.7 36.58 1.9361565 1.7756863 -1.9075394 0.1306732 1 0 5.5699448e-17 0 
3 2 0.99659091 0.7 36.68 1.9394144 1.7951172 -1.9035648 0.15032175 1 0 5.3638994e-17 0 
3 2 1.0209091 0.7 36.8 1.9426061 1.8145189 -1.8994557 0.16999232 1 0 5.2494897e-17 0 
3 2 1.0452273 0.7 36.9375 1.9457571 1.8338939 -1.8952563 0.18968132 1 0 4.9777824e-17 0 
3 2 1.0695455 0.7 37.1125 1.948852 1.8532386 -1.8908995 0.20939153 1 0 4.5681994e-17 0 
3 2 1.0938636 0.7 37.325 1.9518949 1.872552 -1.8863944 0.2291208 1 0 4.4459239e-17 0 
3 2 1.1181818 0.7 37.55 1.9548952 1.8918335 -1.8817038 0.24886979 1 0 3.9868347e-17 0 
3 2 1.1425 0.7 37.8 1.9578449 1.9110816 -1.8768456 0.26863778 1 0 3.607466e-17 0 
3 2 1.1668182 0.7 38.1 1.9607565 1.930296 -1.8717332 0.28842086 1 0 3.2818813e-17 0 
3 2 1.1911364 0.7 38.44 1.9636245 1.9494746 -1.8664098 0.30822347 1 0 2.9922513e-17 0 
3 2 1.2154545 0.7 38.825 1.9664491 1.9686163 -1.8607664 0.32804333 1 0 2.6085018e-17 0 
3 2 1.2397727 0.7 39.2625 1.9692421 1.9877196 -1.8547654 0.34788032 1 0 2.36228e-17 0 
3 2 1.2640909 0.7 39.775 1.9719979 2.0067828 -1.8483258 0.36773304 1 0 2.1172859e-17 0 
3 2 1.2884091 0.7 40.3625 1.9747165 2.0258045 -1.8413296 0.38760226 1 0 1.942311e-17 0 
3 2 1.3127273 0.7 41.066667 1.9773994 2.0447827 -1.8335988 0.40748763 1 0 1.8850329e-17 0 
3 2 1.3370455 0.7 41.9125 1.9800557 2.0637154 -1.824827 0.42738758 1 0 1.760128e-17 0 
3 2 1.3613636 0.7 42.975 1.9826728 2.0826007 -1.8144374 0.44730306 1 0 1.9009319e-17 0 
3 2 1.3856818 0.7 44.416667 1.9852676 2.1014361 -1.8010722 0.4672337 1 0 2.4074261e-17 0 
3 2 1.41 0.7 46.8 1.9878216 2.120219 -1.779459 0.48717895 1 0 5.4888696e-17 0 
