-0.282625 -1.35 -1.35 1 1 
-0.24272847 -1.3305031 -1.3305031 1 1 
-0.20384346 -1.3110063 -1.3110063 1 1 
-0.16595515 -1.2915094 -1.2915094 1 1 
-0.12904871 -1.2720126 -1.2720126 1 1 
-0.093109331 -1.2525157 -1.2525157 1 1 
-0.058122181 -1.2330189 -1.2330189 1 1 
-0.024072439 -1.213522 -1.213522 1 1 
0.0090547169 -1.1940252 -1.1940252 1 1 
0.04127411 -1.1745283 -1.1745283 1 1 
0.072600562 -1.1550314 -1.1550314 1 1 
0.1030489 -1.1355346 -1.1355346 1 1 
0.13263393 -1.1160377 -1.1160377 1 1 
0.1613705 -1.0965409 -1.0965409 1 1 
0.18927341 -1.077044 -1.077044 1 1 
0.2163575 -1.0575472 -1.0575472 1 1 
0.24263758 -1.0380503 -1.0380503 1 1 
0.26812848 -1.0185535 -1.0185535 1 1 
0.29284502 -0.9990566 -0.9990566 1 1 
0.31680202 -0.97955975 -0.97955975 1 1 
0.34001431 -0.96006289 -0.96006289 2 1 
0.36249671 -0.94056604 -0.94056604 2 1 
0.38426403 -0.92106918 -0.92106918 2 1 
0.40533111 -0.90157233 -0.90157233 2 1 
0.42571276 -0.88207547 -0.88207547 2 1 
0.44542381 -0.86257862 -0.86257862 2 1 
0.46447908 -0.84308176 -0.84308176 2 1 
0.4828934 -0.82358491 -0.82358491 2 1 
0.50068158 -0.80408805 -0.80408805 2 1 
0.51785844 -0.78459119 -0.78459119 2 1 
0.53443882 -0.76509434 -0.76509434 2 1 
0.55043754 -0.74559748 -0.74559748 2 1 
0.5658694 -0.72610063 -0.72610063 2 1 
0.58074925 -0.70660377 -0.70660377 2 1 
0.5950919 -0.68710692 -0.68710692 2 1 
0.60891217 -0.66761006 -0.66761006 2 1 
0.62222489 -0.64811321 -0.64811321 2 1 
0.63504488 -0.62861635 -0.62861635 2 1 
0.64738695 -0.6091195 -0.6091195 2 1 
0.65926595 -0.58962264 -0.58962264 2 1 
0.67069668 -0.57012579 -0.57012579 2 1 
0.68169396 -0.55062893 -0.55062893 2 1 
0.69227263 -0.53113208 -0.53113208 2 1 
0.70244751 -0.51163522 -0.51163522 2 1 
0.71223341 -0.49213836 -0.49213836 2 1 
0.72164516 -0.47264151 -0.47264151 2 1 
0.73069758 -0.45314465 -0.45314465 2 1 
0.7394055 -0.4336478 -0.4336478 2 1 
0.74778374 -0.41415094 -0.41415094 2 1 
0.75584711 -0.39465409 -0.39465409 2 1 
0.76361045 -0.37515723 -0.37515723 2 1 
0.77108857 -0.35566038 -0.35566038 2 1 
0.7782963 -0.33616352 -0.33616352 2 1 
0.78524846 -0.31666667 -0.31666667 2 1 
0.79195987 -0.29716981 -0.29716981 2 1 
0.79844536 -0.27767296 -0.27767296 2 1 
0.80471974 -0.2581761 -0.2581761 2 1 
0.81079785 -0.23867925 -0.23867925 2 1 
0.81669449 -0.21918239 -0.21918239 2 1 
0.82242451 -0.19968553 -0.19968553 2 1 
0.82800271 -0.18018868 -0.18018868 2 1 
0.83344392 -0.16069182 -0.16069182 2 1 
0.83876297 -0.14119497 -0.14119497 2 1 
0.84397467 -0.12169811 -0.12169811 2 1 
0.84909385 -0.10220126 -0.10220126 2 1 
0.85413533 -0.082704403 -0.082704403 2 1 
0.85911394 -0.063207547 -0.063207547 2 1 
0.86404449 -0.043710692 -0.043710692 2 1 
0.86894181 -0.024213836 -0.024213836 2 1 
0.87382072 -0.0047169811 -0.0047169811 2 1 
0.87869604 0.014779874 0.014779874 2 1 
0.88358261 0.03427673 0.03427673 2 1 
0.88849523 0.053773585 0.053773585 2 1 
0.89344873 0.07327044 0.07327044 2 1 
0.89845794 0.092767296 0.092767296 2 1 
0.90353767 0.11226415 0.11226415 2 1 
0.90870275 0.13176101 0.13176101 2 1 
0.91396801 0.15125786 0.15125786 2 1 
0.91934825 0.17075472 0.17075472 2 1 
0.92485832 0.19025157 0.19025157 2 1 
0.93051303 0.20974843 0.20974843 2 1 
0.93632719 0.22924528 0.22924528 2 1 
0.94231565 0.24874214 0.24874214 2 1 
0.94849321 0.26823899 0.26823899 2 1 
0.9548747 0.28773585 0.28773585 2 1 
0.96147494 0.3072327 0.3072327 2 1 
0.96830876 0.32672956 0.32672956 2 1 
0.97539097 0.34622642 0.34622642 2 1 
0.98273641 0.36572327 0.36572327 2 1 
0.99035989 0.38522013 0.38522013 2 1 
0.99827623 0.40471698 0.40471698 2 1 
1.0065003 0.42421384 0.42421384 2 1 
1.0150468 0.44371069 0.44371069 2 1 
1.0239307 0.46320755 0.46320755 2 1 
1.0331667 0.4827044 0.4827044 2 1 
1.0427697 0.50220126 0.50220126 2 1 
1.0527545 0.52169811 0.52169811 2 1 
1.063136 0.54119497 0.54119497 2 1 
1.0739288 0.56069182 0.56069182 2 1 
1.085148 0.58018868 0.58018868 2 1 
1.0968082 0.59968553 0.59968553 2 1 
1.1089244 0.61918239 0.61918239 2 1 
1.1215113 0.63867925 0.63867925 2 1 
1.1345837 0.6581761 0.6581761 2 1 
1.1481566 0.67767296 0.67767296 2 1 
1.1622446 0.69716981 0.69716981 2 1 
1.1768627 0.71666667 0.71666667 2 1 
1.1920256 0.73616352 0.73616352 2 1 
1.2077481 0.75566038 0.75566038 2 1 
1.2240452 0.77515723 0.77515723 2 1 
1.2409316 0.79465409 0.79465409 2 1 
1.2584222 0.81415094 0.81415094 2 1 
1.2765316 0.8336478 0.8336478 2 1 
1.2952749 0.85314465 0.85314465 2 1 
1.3146668 0.87264151 0.87264151 2 1 
1.3347221 0.89213836 0.89213836 2 1 
1.3554557 0.91163522 0.91163522 2 1 
1.3768823 0.93113208 0.93113208 2 1 
1.3990169 0.95062893 0.95062893 2 1 
1.4218741 0.97012579 0.97012579 1 1 
1.445469 0.98962264 0.98962264 1 1 
1.4698161 1.0091195 1.0091195 1 1 
1.4949305 1.0286164 1.0286164 1 1 
1.5208268 1.0481132 1.0481132 1 1 
1.5475201 1.0676101 1.0676101 1 1 
1.5750249 1.0871069 1.0871069 1 1 
1.6033562 1.1066038 1.1066038 1 1 
1.6325289 1.1261006 1.1261006 1 1 
1.6625576 1.1455975 1.1455975 1 1 
1.6934573 1.1650943 1.1650943 1 1 
1.7252428 1.1845912 1.1845912 1 1 
1.7579289 1.2040881 1.2040881 1 1 
1.7915304 1.2235849 1.2235849 1 1 
1.8260621 1.2430818 1.2430818 1 1 
1.8615388 1.2625786 1.2625786 1 1 
1.8979755 1.2820755 1.2820755 1 1 
1.9353869 1.3015723 1.3015723 1 1 
1.9737877 1.3210692 1.3210692 1 1 
2.013193 1.340566 1.340566 1 1 
2.0536174 1.3600629 1.3600629 1 1 
2.0950758 1.3795597 1.3795597 1 1 
2.137583 1.3990566 1.3990566 1 1 
2.1811539 1.4185535 1.4185535 1 1 
2.2258032 1.4380503 1.4380503 1 1 
2.2715458 1.4575472 1.4575472 1 1 
2.3183965 1.477044 1.477044 1 1 
2.3663701 1.4965409 1.4965409 1 1 
2.4154815 1.5160377 1.5160377 1 1 
2.4657455 1.5355346 1.5355346 1 1 
2.5171769 1.5550314 1.5550314 1 1 
2.5697904 1.5745283 1.5745283 1 1 
2.6236011 1.5940252 1.5940252 1 1 
2.6786236 1.613522 1.613522 1 1 
2.7348727 1.6330189 1.6330189 1 1 
2.7923634 1.6525157 1.6525157 1 1 
2.8511105 1.6720126 1.6720126 1 1 
2.9111286 1.6915094 1.6915094 1 1 
2.9724328 1.7110063 1.7110063 1 1 
3.0350378 1.7305031 1.7305031 1 1 
3.0989583 1.75 1.75 1 1 
0.34 1.7794589 -1.9878315 3 2 
0.36431818 1.8010698 -1.9852695 3 2 
0.38863636 1.8144395 -1.9826687 3 2 
0.41295455 1.8248255 -1.9800561 3 2 
0.43727273 1.8335988 -1.977402 3 2 
0.46159091 1.8413294 -1.9747174 3 2 
0.48590909 1.8483266 -1.9719941 3 2 
0.51022727 1.8547642 -1.9692431 3 2 
0.53454545 1.8607649 -1.9664531 3 2 
0.55886364 1.8664101 -1.9636244 3 2 
0.58318182 1.8717549 -1.9607354 3 2 
0.6075 1.8768219 -1.9578434 3 2 
0.63181818 1.8817158 -1.9548954 3 2 
0.65613636 1.8863939 -1.9518965 3 2 
0.68045455 1.8909018 -1.9488538 3 2 
0.70477273 1.8952563 -1.9457607 3 2 
0.72909091 1.89947 -1.9426153 3 2 
0.75340909 1.9035601 -1.9394143 3 2 
0.77772727 1.9075417 -1.9361567 3 2 
0.80204545 1.9114138 -1.932839 3 2 
0.82636364 1.9151906 -1.9294546 3 2 
0.85068182 1.9188766 -1.9260041 3 2 
0.875 1.9224757 -1.922479 3 2 
0.89931818 1.9260037 -1.9188768 3 2 
0.92363636 1.9294556 -1.9151898 3 2 
0.94795455 1.9328381 -1.9114126 3 2 
0.97227273 1.9361565 -1.9075394 3 2 
0.99659091 1.9394144 -1.9035648 3 2 
1.0209091 1.9426061 -1.8994557 3 2 
1.0452273 1.9457571 -1.8952563 3 2 
1.0695455 1.948852 -1.8908995 3 2 
1.0938636 1.9518949 -1.8863944 3 2 
1.1181818 1.9548952 -1.8817038 3 2 
1.1425 1.9578449 -1.8768456 3 2 
1.1668182 1.9607565 -1.8717332 3 2 
1.1911364 1.9636245 -1.8664098 3 2 
1.2154545 1.9664491 -1.8607664 3 2 
1.2397727 1.9692421 -1.8547654 3 2 
1.2640909 1.9719979 -1.8483258 3 2 
1.2884091 1.9747165 -1.8413296 3 2 
1.3127273 1.9773994 -1.8335988 3 2 
1.3370455 1.9800557 -1.824827 3 2 
1.3613636 1.9826728 -1.8144374 3 2 
1.3856818 1.9852676 -1.8010722 3 2 
1.41 1.9878216 -1.779459 3 2 
